1.054	6.83e-4
1.165	8.19e-4
1.287	7.61e-4
1.423	7.02e-4
1.572	6.00e-4
1.738	5.72e-4
1.920	5.06e-4
2.122	5.02e-4
2.346	5.44e-4
2.592	4.30e-4
2.865	3.34e-4
3.166	2.65e-4
3.499	1.86e-4
3.867	1.64e-4
4.274	1.73e-4
4.724	1.88e-4
5.220	1.53e-4
5.769	1.25e-4
6.376	1.16e-4
7.047	8.90e-5
7.788	7.16e-5
8.607	6.73e-5
9.512	5.53e-5
10.51	4.58e-5
11.62	4.09e-5
12.84	3.80e-5
14.19	3.44e-5
16.16	3.02e-5
18.52	3.22e-5
25.70	2.59e-5
44.19	2.09e-5
75.98	1.53e-5
130.7	9.64e-6
224.6	4.30e-6
386.3	1.33e-6
664.2	3.99e-7
1142	1.02e-7
1964	2.24e-8
3376	3.36e-9
5805	4.71e-10
9982	9.87e-11
17160	3.83e-11
29510	8.60e-12
50740	2.17e-12
87250	6.97e-13
150000	1.88e-13
	
