 -1.85000000e+03
 -1.85000000e+03
 -1.85000000e+03
 -1.85000000e+03
 -1.85000000e+03
 -1.85000000e+03
 -1.85000000e+03
 -1.20000000e+03
 -1.20000000e+03
 -1.20000000e+03
 -1.20000000e+03
 -1.20000000e+03
 -1.20000000e+03
 -1.20000000e+03
 -5.50000000e+02
 -5.50000000e+02
 -5.50000000e+02
 -5.50000000e+02
 -5.50000000e+02
 -5.50000000e+02
 -5.50000000e+02
 1.00000000e+02
 1.00000000e+02
 1.00000000e+02
 1.00000000e+02
 1.00000000e+02
 1.00000000e+02
 1.00000000e+02
 7.50000000e+02
 7.50000000e+02
 7.50000000e+02
 7.50000000e+02
 7.50000000e+02
 7.50000000e+02
 7.50000000e+02
 1.40000000e+03
 1.40000000e+03
 1.40000000e+03
 1.40000000e+03
 1.40000000e+03
 1.40000000e+03
 1.40000000e+03
 2.05000000e+03
 2.05000000e+03
 2.05000000e+03
 2.05000000e+03
 2.05000000e+03
 2.05000000e+03
 2.05000000e+03
 -6.25000000e+03
 -5.60000000e+03
 -4.95000000e+03
 -4.30000000e+03
 -3.65000000e+03
 -3.00000000e+03
 -2.35000000e+03
 -6.25000000e+03
 -5.60000000e+03
 -4.95000000e+03
 -4.30000000e+03
 -3.65000000e+03
 -3.00000000e+03
 -2.35000000e+03
 -6.25000000e+03
 -5.60000000e+03
 -4.95000000e+03
 -4.30000000e+03
 -3.65000000e+03
 -3.00000000e+03
 -2.35000000e+03
 -6.25000000e+03
 -5.60000000e+03
 -4.95000000e+03
 -4.30000000e+03
 -3.65000000e+03
 -3.00000000e+03
 -2.35000000e+03
 -6.25000000e+03
 -5.60000000e+03
 -4.95000000e+03
 -4.30000000e+03
 -3.65000000e+03
 -3.00000000e+03
 -2.35000000e+03
 -6.25000000e+03
 -5.60000000e+03
 -4.95000000e+03
 -4.30000000e+03
 -3.65000000e+03
 -3.00000000e+03
 -2.35000000e+03
 -6.25000000e+03
 -5.60000000e+03
 -4.95000000e+03
 -4.30000000e+03
 -3.65000000e+03
 -3.00000000e+03
 -2.35000000e+03
 4.70000000e+01 1.04000000e+02 1.11000000e+02 1.09000000e+02 1.01000000e+02 4.70000000e+01 1.09000000e+02 9.70000000e+01 1.14000000e+02 1.07000000e+02 4.70000000e+01 8.00000000e+01 1.17000000e+02 9.80000000e+01 1.08000000e+02 1.05000000e+02 9.90000000e+01 4.70000000e+01 1.14000000e+02 9.70000000e+01 1.16000000e+02 4.50000000e+01 1.12000000e+02 9.70000000e+01 9.90000000e+01 4.70000000e+01 1.00000000e+02 9.70000000e+01 1.16000000e+02 9.70000000e+01 4.70000000e+01 1.12000000e+02 1.14000000e+02 9.70000000e+01 9.90000000e+01 1.16000000e+02 1.05000000e+02 9.90000000e+01 1.01000000e+02
